    0  1  2  3  4  5  6  7  8  9 10 11 12 13 14 15 16 17 18 19 20
    -------------------------------------------------------------
20| 5  5  5  5  4  4  3  3  3  3  2  2  2  2  1  1  1  1  0  0  0  
19| 5  5  5  4  4  3  3  2  2  2  2  1  1  1  1  0  0  0  0  0  0  
18| 5  5  5  4  3  3  2  2  1  1  1  1  0  0  0  0  0  0  0  0  0  
17| 5  5  5  4  3  2  2  1  1  0  0  0  0  0  0  0  0  0  0  0  0  
16| 5  5  5  4  3  2  1  1  0  0  0  0  0  0  0  0  0  0  0  0  0  
15| 5  5  5  4  3  2  1  0  0  0  0  0  0  0  0  0  0  0  0  0  0  
14| 5  5  4  4  3  2  1  0  0  0  0  0  0  0  0  0  0  0  0  0  0  
13| 5  5  4  3  3  2  1  0  0  0  0  0  0  0  0  0  0  0  0  0  0  
12| 5  5  4  3  2  2  1  0  0  0  0  0  0  0  0  0  0  0  0  0  0  
11| 5  4  4  3  2  1  1  0  0  0  0  0  0  0  0  0  0  0  0  0  0  
10| 4  4  3  3  2  1  0  0  0  0  0  0  0  0  0  0  0  0  0  0  0  
9 | 4  3  3  2  2  1  0  0  0  0  0  0  0  0  0  0  0  0  0  0  0  
8 | 3  3  2  2  1  1  0  0  0  0  0  0  0  0  0  0  0  0  0  0  0  
7 | 3  2  2  1  1  0  0  0  0  0  0  0  0  0  0  0  0  0  0  0  0  
6 | 2  2  1  1  0  0  0  0  0  0  0  0  0  0  0  0  0  0  0  0  0  
5 | 1  1  1  0  0  0  0  0  0  0  0  0  0  0  0  0  0  0  0  0  0  
4 | 0  0  0  0  0  0  0  0  0  0  0  0  0  0  0  0  0  0  0  -1 -1 
3 | 0  0  0  0  0  0  0  0  0  0  0  0  0  0  0  -1 -1 -1 -1 -1 -2 
2 | 0  0  0  0  0  0  0  0  0  0  0  -1 -1 -1 -1 -1 -2 -2 -2 -2 -2 
1 | 0  0  0  0  0  0  0  0  0  -1 -1 -1 -2 -2 -2 -2 -2 -3 -3 -3 -3 
0 | 0  0  0  0  0  0  0  0  -1 -1 -2 -2 -2 -3 -3 -3 -3 -3 -4 -4 -4 


    0     1     2     3     4     5     6     7     8     9    10    11    12    13    14    15    16    17    18    19    20
    -------------------------------------------------------------------------------------------------------------------------
20| 554.6 561.2 567.3 572.9 578.2 583.3 588.2 592.8 597.2 601.4 605.5 609.3 613.0 616.5 619.9 623.1 626.2 629.0 631.8 634.4 636.6 
19| 550.5 557.3 563.5 569.3 574.9 580.2 585.3 590.2 594.8 599.2 603.4 607.5 611.3 615.0 618.5 621.9 625.1 628.2 631.0 633.6 635.9 
18| 546.1 553.1 559.4 565.5 571.3 576.9 582.2 587.3 592.2 596.8 601.2 605.4 609.5 613.3 617.0 620.5 623.9 627.0 630.0 632.6 635.0 
17| 541.5 548.6 555.2 561.4 567.5 573.3 578.9 584.2 589.3 594.2 598.8 603.2 607.4 611.4 615.3 618.9 622.3 625.6 628.6 631.4 633.8 
16| 536.7 544.0 550.7 557.2 563.4 569.5 575.3 580.9 586.2 591.3 596.1 600.7 605.1 609.2 613.2 616.9 620.5 623.9 627.0 629.8 632.3 
15| 531.6 539.1 546.0 552.7 559.2 565.4 571.5 577.3 582.9 588.1 593.1 597.9 602.4 606.7 610.8 614.7 618.4 621.9 625.1 628.1 630.6 
14| 526.3 533.9 541.1 548.0 554.7 561.2 567.4 573.5 579.3 584.7 589.9 594.8 599.5 604.0 608.2 612.2 616.1 619.7 623.0 626.0 628.7 
13| 520.7 528.5 535.9 543.1 550.0 556.7 563.2 569.4 575.4 581.1 586.4 591.5 596.4 601.0 605.4 609.5 613.5 617.2 620.7 623.8 626.5 
12| 514.8 522.8 530.5 537.9 545.1 552.0 558.7 565.2 571.4 577.2 582.7 588.0 593.0 597.8 602.3 606.6 610.7 614.5 618.1 621.3 624.1 
11| 508.6 516.8 524.8 532.5 539.9 547.1 554.0 560.7 567.1 573.1 578.8 584.2 589.4 594.3 599.0 603.4 607.6 611.5 615.2 618.5 621.4 
10| 502.0 510.6 518.8 526.8 534.5 541.9 549.1 556.0 562.5 568.7 574.6 580.2 585.5 590.6 595.4 599.9 604.3 608.3 612.1 615.5 618.5 
9 | 495.3 504.0 512.6 520.8 528.8 536.5 543.9 551.0 557.8 564.1 570.2 575.9 581.4 586.6 591.5 596.2 600.6 604.8 608.7 612.2 615.2 
8 | 488.1 497.3 506.0 514.6 522.8 530.8 538.5 545.8 552.7 559.2 565.4 571.3 576.9 582.2 587.3 592.1 596.6 600.9 604.9 608.5 611.6 
7 | 480.7 490.1 499.3 508.0 516.6 524.8 532.8 540.2 547.3 553.9 560.3 566.3 572.0 577.5 582.7 587.6 592.2 596.6 600.7 604.4 607.6 
6 | 473.2 482.7 492.1 501.3 510.0 518.6 526.6 534.2 541.4 548.2 554.7 560.9 566.7 572.3 577.5 582.5 587.3 591.8 596.0 599.8 603.1 
5 | 465.3 475.2 484.7 494.1 503.3 511.9 520.1 527.8 535.1 542.0 548.6 554.8 560.8 566.4 571.8 576.9 581.8 586.4 590.6 594.6 598.0 
4 | 457.4 467.3 477.2 486.7 495.9 504.6 512.9 520.7 528.1 535.1 541.7 548.1 554.1 559.8 565.3 570.5 575.4 580.1 584.5 588.6 592.6 
3 | 449.3 459.2 469.1 478.7 487.9 496.6 504.9 512.8 520.2 527.3 534.0 540.4 546.5 552.3 557.9 563.3 568.5 573.4 578.1 582.5 586.6 
2 | 440.4 450.4 460.3 469.9 479.1 487.9 496.2 504.1 511.6 518.7 525.4 532.0 538.4 544.5 550.3 555.9 561.3 566.5 571.4 576.1 580.5 
1 | 431.0 440.9 450.8 460.4 469.6 478.4 486.8 494.7 502.2 509.6 516.7 523.4 530.0 536.4 542.5 548.3 553.9 559.3 564.5 569.4 574.1 
0 | 421.1 431.1 440.9 450.5 459.8 468.6 476.9 484.8 492.7 500.2 507.6 514.7 521.4 528.0 534.4 540.5 546.3 551.9 557.3 562.5 567.4 
